Estadisticas:

a = [0, 1, 3, 5, 7, 8, 9, 12, 15, 18, 22, 24, 27, 29, 32, 35, 36, 37, 40, 43, 45, 46, 51, 61, 80, 95, 96, 100, 104, 107, 109, 112, 118, 121, 125, 131, 134, 137, 142, 146, 149]
c = [31, 34, 126, 141, 145, 148, 155]
d = [108]
e = [91, 105, 119, 138]
f = [10, 21, 99, 132]
g = [16, 26]
i = [124]
j = [13, 19, 23, 28, 44, 48, 50, 97, 103, 106, 114]
l = [2, 92, 101]
n = [11, 17, 33, 49, 98, 102, 113, 116, 120, 127, 133]
q = [14]
s = [20, 39, 90, 140, 157]
u = [123, 135]
v = [38, 42, 47, 89, 111, 115, 122, 136, 151, 153, 156]
w = [25, 143, 147]
x = [150]
z = [41, 154]
0 = [70]
2 = [52, 62, 79, 117]
3 = [53, 63, 78]
4 = [54, 64, 77]
5 = [55, 65, 76]
6 = [56, 66, 75]
7 = [57, 67, 74]
8 = [58, 68, 73]
9 = [59, 69, 72]
especiales = [4, 6, 30, 60, 71, 81, 82, 83, 84, 85, 86, 87, 88, 93, 94, 110, 128, 129, 130, 139, 144, 152, 158]
Numero de letras = 159
Numero de palabras = 159
Numero de vocales = 48
Numero de consonantes = 62
Numero de caracteres especiales = 23
Numero de lineas = 8
Numero de numeros = 26